=============data_info:{'sample_idx': 0, 'token': 'e93e98b63d3b40209056d129dc53ceee', 'timestamp': 1531883530.449377, 'ego2global': [[0.12388695031404495, -0.9922940135002136, -0.0021557167638093233, 1010.1328125], [0.9920361042022705, 0.12390392273664474, -0.022630713880062103, 610.8111572265625], [0.022723423317074776, 0.0006651013973169029, 0.9997415542602539, 0.0], [0.0, 0.0, 0.0, 1.0]], 'images': {'CAM_FRONT': {'img_path': './data/nuscenes/samples/CAM_FRONT/n015-2018-07-18-11-07-57+0800__CAM_FRONT__1531883530412470.jpg', 'cam2img': [[1266.417203046554, 0.0, 816.2670197447984], [0.0, 1266.417203046554, 491.50706579294757], [0.0, 0.0, 1.0]], 'cam2ego': [[0.005684778559952974, -0.005636667832732201, 0.9999679327011108, 1.7007912397384644], [-0.9999834895133972, -0.0008371152798645198, 0.0056801484897732735, 0.01594563201069832], [0.000805071322247386, -0.9999837875366211, -0.005641333758831024, 1.5109575986862183], [0.0, 0.0, 0.0, 1.0]], 'sample_data_token': '020d7b4f858147558106c504f7f31bef', 'timestamp': 1531883530.41247, 'lidar2cam': [[0.999950110912323, -0.006949238944798708, 0.007174408063292503, 0.005730343982577324], [0.007305425126105547, 0.019015269353985786, -0.9997925162315369, -0.321853369474411], [0.0068113734014332294, 0.9997950196266174, 0.019065087661147118, -0.6021451950073242], [0.0, 0.0, 0.0, 1.0]]}, 'CAM_FRONT_RIGHT': {'img_path': './data/nuscenes/samples/CAM_FRONT_RIGHT/n015-2018-07-18-11-07-57+0800__CAM_FRONT_RIGHT__1531883530420339.jpg', 'cam2img': [[1260.8474446004698, 0.0, 807.968244525554], [0.0, 1260.8474446004698, 495.3344268742088], [0.0, 0.0, 1.0]], 'cam2ego': [[-0.8329295516014099, -9.94603760773316e-06, 0.5533789992332458, 1.5508477687835693], [-0.55330491065979, 0.016378816217184067, -0.8328177332878113, -0.4934048056602478], [-0.009055409580469131, -0.9998658299446106, -0.013647902756929398, 1.4957480430603027], [0.0, 0.0, 0.0, 1.0]], 'sample_data_token': '16d39ff22a8545b0a4ee3236a0fe1c20', 'timestamp': 1531883530.420339, 'lidar2cam': [[0.5447326898574829, -0.8382006287574768, -0.026190951466560364, 0.1229320764541626], [-0.010019240900874138, 0.02472417615354061, -0.9996441006660461, -0.3330855071544647], [0.8385498523712158, 0.5448012351989746, 0.005069933366030455, -0.6873264908790588], [0.0, 0.0, 0.0, 1.0]]}, 'CAM_FRONT_LEFT': {'img_path': './data/nuscenes/samples/CAM_FRONT_LEFT/n015-2018-07-18-11-07-57+0800__CAM_FRONT_LEFT__1531883530404844.jpg', 'cam2img': [[1272.5979470598488, 0.0, 826.6154927353808], [0.0, 1272.5979470598488, 479.75165386361925], [0.0, 0.0, 1.0]], 'cam2ego': [[0.8207583427429199, -0.00034143668017350137, 0.5712754130363464, 1.5238779783248901], [-0.5712715983390808, 0.0032195018138736486, 0.8207547664642334, 0.4946313500404358], [-0.002119458047673106, -0.9999947547912598, 0.0024473799858242273, 1.5093282461166382], [0.0, 0.0, 0.0, 1.0]], 'sample_data_token': '24332e9c554a406f880430f17771b608', 'timestamp': 1531883530.404844, 'lidar2cam': [[0.5831289291381836, 0.8120843172073364, 0.02190271019935608, -0.04473946616053581], [0.0034885560162365437, 0.024457741528749466, -0.9996947646141052, -0.3274805545806885], [-0.812372088432312, 0.5830273628234863, 0.011429015547037125, -0.6220613121986389], [0.0, 0.0, 0.0, 1.0]]}, 'CAM_BACK': {'img_path': './data/nuscenes/samples/CAM_BACK/n015-2018-07-18-11-07-57+0800__CAM_BACK__1531883530437525.jpg', 'cam2img': [[809.2209905677063, 0.0, 829.2196003259838], [0.0, 809.2209905677063, 481.77842384512485], [0.0, 0.0, 1.0]], 'cam2ego': [[0.002421709941700101, -0.016753608360886574, -0.99985671043396, 0.02832603082060814], [0.9999890923500061, -0.0039591072127223015, 0.0024883693549782038, 0.0034513676073402166], [-0.004000229295343161, -0.9998518228530884, 0.016743836924433708, 1.5791034698486328], [0.0, 0.0, 0.0, 1.0]], 'sample_data_token': 'aab35aeccbda42de82b2ff5c278a0d48', 'timestamp': 1531883530.437525, 'lidar2cam': [[-0.9999136328697205, 0.008133400231599808, -0.010322795249521732, -0.0007442040950991213], [0.010384265333414078, 0.007552133407443762, -0.9999175667762756, -0.2760153114795685], [-0.008054770529270172, -0.999938428401947, -0.007635940331965685, -0.9622107744216919], [0.0, 0.0, 0.0, 1.0]]}, 'CAM_BACK_LEFT': {'img_path': './data/nuscenes/samples/CAM_BACK_LEFT/n015-2018-07-18-11-07-57+0800__CAM_BACK_LEFT__1531883530447423.jpg', 'cam2img': [[1256.7414812095406, 0.0, 792.1125740759628], [0.0, 1256.7414812095406, 492.7757465151356], [0.0, 0.0, 1.0]], 'cam2ego': [[0.9477603435516357, 0.008665721863508224, -0.31886550784111023, 1.0356910228729248], [0.31896114349365234, -0.01397630013525486, 0.947664737701416, 0.4847950339317322], [0.0037556388415396214, -0.9998647570610046, -0.016010211780667305, 1.5909701585769653], [0.0, 0.0, 0.0, 1.0]], 'sample_data_token': '86e6806d626b4711a6d0f5015b090116', 'timestamp': 1531883530.447423, 'lidar2cam': [[-0.3165133595466614, 0.9482632875442505, 0.02482030726969242, -0.23283082246780396], [0.020132387056946754, 0.03287486359477043, -0.9992566704750061, -0.24295853078365326], [-0.9483743906021118, -0.31577837467193604, -0.02949613705277443, -0.4368051588535309], [0.0, 0.0, 0.0, 1.0]]}, 'CAM_BACK_RIGHT': {'img_path': './data/nuscenes/samples/CAM_BACK_RIGHT/n015-2018-07-18-11-07-57+0800__CAM_BACK_RIGHT__1531883530427893.jpg', 'cam2img': [[1259.5137405846733, 0.0, 807.2529053838625], [0.0, 1259.5137405846733, 501.19579884916527], [0.0, 0.0, 1.0]], 'cam2ego': [[-0.9347755312919617, 0.015875838696956635, -0.35488399863243103, 1.0148781538009644], [0.35507455468177795, 0.011370494961738586, -0.9347688555717468, -0.4805682301521301], [-0.010805031284689903, -0.9998093247413635, -0.01626596786081791, 1.562395453453064], [0.0, 0.0, 0.0, 1.0]], 'sample_data_token': 'ec7096278e484c9ebe6894a2ad5682e9', 'timestamp': 1531883530.427893, 'lidar2cam': [[-0.36268681287765503, -0.9312160611152649, -0.0359853133559227, 0.14839687943458557], [-0.004622284788638353, 0.04041164740920067, -0.9991724491119385, -0.26959535479545593], [0.9318996071815491, -0.3622203469276428, -0.018961116671562195, -0.46460071206092834], [0.0, 0.0, 0.0, 1.0]]}}, 'lidar_points': {'num_pts_feats': 5, 'lidar_path': './data/nuscenes/samples/LIDAR_TOP/n015-2018-07-18-11-07-57+0800__LIDAR_TOP__1531883530449377.pcd.bin', 'lidar2ego': [[0.0020332718268036842, 0.9997040629386902, 0.024241721257567406, 0.9437130093574524], [-0.9999805092811584, 0.0021756570786237717, -0.00584863917902112, 0.0], [-0.005899650044739246, -0.02422935888171196, 0.9996890425682068, 1.8402299880981445], [0.0, 0.0, 0.0, 1.0]]}, 'instances': [{'bbox_label': 8, 'bbox_3d': [-16.18434544321233, -1.1740415072842767, -1.2404669921853826, 0.291, 0.3, 0.734, -2.9353416316677072], 'bbox_3d_isvalid': True, 'bbox_label_3d': 8, 'num_lidar_pts': 2, 'num_radar_pts': 0, 'velocity': [-0.00737269311799363, 0.02728070414175163]}, {'bbox_label': 8, 'bbox_3d': [-15.449391234405386, -4.287681628048007, -1.3013645235562976, 0.338, 0.315, 0.712, -2.8307265963058557], 'bbox_3d_isvalid': True, 'bbox_label_3d': 8, 'num_lidar_pts': 3, 'num_radar_pts': 0, 'velocity': [-0.023128261385543112, 0.07366533919228814]}, {'bbox_label': 1, 'bbox_3d': [-10.227567047441513, 19.460821128585337, 0.03743642453829787, 7.516, 2.312, 3.093, -0.6066360771858621], 'bbox_3d_isvalid': True, 'bbox_label_3d': 1, 'num_lidar_pts': 171, 'num_radar_pts': 7, 'velocity': [0.057908063153183524, 0.06951263889667077]}, {'bbox_label': 0, 'bbox_3d': [9.214420054842972, -5.579607347996587, -1.0785695000842495, 4.25, 1.638, 1.44, 0.3584960925807913], 'bbox_3d_isvalid': True, 'bbox_label_3d': 0, 'num_lidar_pts': 150, 'num_radar_pts': 2, 'velocity': [5.528490140140021, 1.1955143142730655]}, {'bbox_label': 7, 'bbox_3d': [-15.727121203083646, -0.8160909850328714, -0.6979364235915418, 0.563, 0.739, 1.711, -2.9353416316677072], 'bbox_3d_isvalid': True, 'bbox_label_3d': 7, 'num_lidar_pts': 7, 'num_radar_pts': 0, 'velocity': [-0.026291001282095387, 0.09944921455132472]}, {'bbox_label': 0, 'bbox_3d': [0.38464647051321366, -13.228449135963976, -1.2146273999498478, 4.478, 1.871, 1.456, 1.0932098945067616], 'bbox_3d_isvalid': True, 'bbox_label_3d': 0, 'num_lidar_pts': 151, 'num_radar_pts': 3, 'velocity': [2.4385812461348313, 4.212805997434871]}, {'bbox_label': 1, 'bbox_3d': [-47.52765960904388, 35.13666152323095, 0.6949573880770616, 6.372, 2.877, 2.978, 2.5891490496681118], 'bbox_3d_isvalid': True, 'bbox_label_3d': 1, 'num_lidar_pts': 9, 'num_radar_pts': 3, 'velocity': [0.004976847568704799, 0.00866331947759452]}, {'bbox_label': 7, 'bbox_3d': [-16.105654092636545, -0.07164754016067783, -0.6862827154378979, 0.544, 0.665, 1.739, -2.9353416316677072], 'bbox_3d_isvalid': True, 'bbox_label_3d': 7, 'num_lidar_pts': 10, 'num_radar_pts': 0, 'velocity': [0.0917358141037418, 0.12197910200838451]}, {'bbox_label': 8, 'bbox_3d': [-15.941148110737728, -2.4478770393147924, -1.2858001457678077, 0.309, 0.338, 0.712, -2.9287718735996946], 'bbox_3d_isvalid': True, 'bbox_label_3d': 8, 'num_lidar_pts': 4, 'num_radar_pts': 0, 'velocity': [-0.004902784980642881, 0.023557227208830012]}, {'bbox_label': 1, 'bbox_3d': [-19.382861330544426, 25.539381332178014, 0.03191908074087914, 6.227, 2.156, 2.601, -0.5108000479743618], 'bbox_3d_isvalid': True, 'bbox_label_3d': 1, 'num_lidar_pts': 42, 'num_radar_pts': 6, 'velocity': [0.0, 0.0]}], 'cam_instances': {'CAM_FRONT': [{'bbox_label': 1, 'bbox_label_3d': 1, 'bbox': [0.0, 357.73275031912704, 342.56437261895195, 606.9819508544168], 'bbox_3d_isvalid': True, 'bbox_3d': [-10.356295829208507, -0.06394600736590442, 18.785737229927012, 7.516, 3.093, 2.312, 0.5996975863361311], 'velocity': [0.057425572724362085, 0.06990201482350665], 'center_2d': [118.11019134521484, 487.19622802734375], 'depth': 18.785737991333008, 'attr_label': 6}], 'CAM_FRONT_RIGHT': [], 'CAM_FRONT_LEFT': [{'bbox_label': 1, 'bbox_label_3d': 1, 'bbox': [1305.1296604171716, 350.75901341602537, 1600.0, 609.4299378119637], 'bbox_3d_isvalid': True, 'bbox_3d': [9.795917040815688, 0.07538275380197701, 19.033148401567978, 7.516, 3.093, 2.312, 1.5546044317874121], 'velocity': [0.09022854769195847, -0.0065096147400431625], 'center_2d': [1481.592041015625, 484.7918701171875], 'depth': 19.03314781188965, 'attr_label': 6}, {'bbox_label': 1, 'bbox_label_3d': 1, 'bbox': [808.1218983320854, 436.20763285539994, 883.4067347194346, 505.9286308577591], 'bbox_3d_isvalid': True, 'bbox_3d': [0.7896581102503362, -0.328665323078836, 58.481662394203795, 6.372, 2.978, 2.877, -1.6411806950665635], 'velocity': [0.009938485543455734, 0.0010084200213775884], 'center_2d': [843.7989501953125, 472.59967041015625], 'depth': 58.48166275024414, 'attr_label': 6}, {'bbox_label': 1, 'bbox_label_3d': 1, 'bbox': [1133.5883785276196, 424.44360010053845, 1336.114045162692, 549.2021874476665], 'bbox_3d_isvalid': True, 'bbox_3d': [9.393382214492547, 0.19762751304835202, 30.01455814405707, 6.227, 2.601, 2.156, 1.4587684025759116], 'velocity': [0.0, 0.0], 'center_2d': [1224.8887939453125, 488.13092041015625], 'depth': 30.014558792114258, 'attr_label': 6}], 'CAM_BACK': [{'bbox_label': 0, 'bbox_label_3d': 0, 'bbox': [652.8710695836726, 487.2457293359287, 909.244516718523, 611.9929884130845], 'bbox_3d_isvalid': True, 'bbox_3d': [-0.480411376915857, 0.8426032188612488, 12.271600163088129, 4.478, 1.456, 1.871, 2.0402647554154876], 'velocity': [-2.4043357184501866, -4.232358489028597], 'center_2d': [797.5401000976562, 537.3418579101562], 'depth': 12.271599769592285, 'attr_label': 5}], 'CAM_BACK_LEFT': [{'bbox_label': 8, 'bbox_label_3d': 8, 'bbox': [1084.536273989852, 513.7567766430512, 1114.579373996322, 576.1393416597718], 'bbox_3d_isvalid': True, 'bbox_3d': [3.7456413224148477, 0.6321604510604616, 15.319339525420224, 0.291, 0.734, 0.3, -1.4550554479430875], 'velocity': [0.028202672296939114, -0.0016223771936342453], 'center_2d': [1099.39111328125, 544.6358032226562], 'depth': 15.319339752197266, 'attr_label': 8}, {'bbox_label': 8, 'bbox_label_3d': 8, 'bbox': [823.5058461203417, 512.0451382733748, 851.0518333269019, 571.6310572685179], 'bbox_3d_isvalid': True, 'bbox_3d': [0.5589564084080783, 0.6054486006477209, 15.607344275188172, 0.338, 0.712, 0.315, -1.5596704833049395], 'velocity': [0.07717355032092021, -0.0013264953734539314], 'center_2d': [837.12109375, 541.5279541015625], 'depth': 15.607344627380371, 'attr_label': 8}, {'bbox_label': 7, 'bbox_label_3d': 7, 'bbox': [1091.5710891360698, 427.8805195896187, 1167.8681082879784, 578.1467959822288], 'bbox_3d_isvalid': True, 'bbox_3d': [3.9538208599837383, 0.11100574170732239, 14.756684169934548, 0.563, 1.711, 0.739, -1.4550554479430875], 'velocity': [0.10262495353364391, -0.006469561050739089], 'center_2d': [1128.836669921875, 502.2294616699219], 'depth': 14.756684303283691, 'attr_label': 4}, {'bbox_label': 7, 'bbox_label_3d': 7, 'bbox': [1160.575566306596, 427.76823935577545, 1232.6220248103343, 578.8903691667504], 'bbox_3d_isvalid': True, 'bbox_3d': [4.779849205466903, 0.11621340306054043, 14.880252178422799, 0.544, 1.739, 0.665, -1.4550554479430875], 'velocity': [0.08665208940588603, -0.12554131041835265], 'center_2d': [1195.8043212890625, 502.5907897949219], 'depth': 14.88025188446045, 'attr_label': 4}, {'bbox_label': 8, 'bbox_label_3d': 8, 'bbox': [976.5016497372173, 515.0039595028874, 1007.1287126145883, 575.0945024230712], 'bbox_3d_isvalid': True, 'bbox_3d': [2.459609474776661, 0.6404788797338881, 15.492284287135272, 0.309, 0.712, 0.338, -1.461625206011101], 'velocity': [0.02389033738396964, -0.002789290780444551], 'center_2d': [991.6373291015625, 544.731689453125], 'depth': 15.492283821105957, 'attr_label': 8}], 'CAM_BACK_RIGHT': [{'bbox_label': 0, 'bbox_label_3d': 0, 'bbox': [806.290660237549, 470.86948127698895, 1370.777603502798, 702.2970171758768], 'bbox_3d_isvalid': True, 'bbox_3d': [2.0410807642310123, 0.5400087467741127, 10.163811973334429, 4.25, 1.44, 1.638, -2.3008777344302445], 'velocity': [-3.1197539085993706, 4.718240998657951], 'center_2d': [1060.1865234375, 568.1144409179688], 'depth': 10.163811683654785, 'attr_label': 5}]}, 'num_pts_feats': 5, 'lidar_path': './data/nuscenes/samples/LIDAR_TOP/n015-2018-07-18-11-07-57+0800__LIDAR_TOP__1531883530449377.pcd.bin', 
'ann_info': {'gt_bboxes_labels': array([8, 8, 1, 0, 7, 0, 1, 7, 8, 1]), 'gt_bboxes_3d': LiDARInstance3DBoxes(
    tensor([[-1.6184e+01, -1.1740e+00, -1.6075e+00,  2.9100e-01,  3.0000e-01,
          7.3400e-01, -2.9353e+00, -7.3727e-03,  2.7281e-02],
        [-1.5449e+01, -4.2877e+00, -1.6574e+00,  3.3800e-01,  3.1500e-01,
          7.1200e-01, -2.8307e+00, -2.3128e-02,  7.3665e-02],
        [-1.0228e+01,  1.9461e+01, -1.5091e+00,  7.5160e+00,  2.3120e+00,
          3.0930e+00, -6.0664e-01,  5.7908e-02,  6.9513e-02],
        [ 9.2144e+00, -5.5796e+00, -1.7986e+00,  4.2500e+00,  1.6380e+00,
          1.4400e+00,  3.5850e-01,  5.5285e+00,  1.1955e+00],
        [-1.5727e+01, -8.1609e-01, -1.5534e+00,  5.6300e-01,  7.3900e-01,
          1.7110e+00, -2.9353e+00, -2.6291e-02,  9.9449e-02],
        [ 3.8465e-01, -1.3228e+01, -1.9426e+00,  4.4780e+00,  1.8710e+00,
          1.4560e+00,  1.0932e+00,  2.4386e+00,  4.2128e+00],
        [-4.7528e+01,  3.5137e+01, -7.9404e-01,  6.3720e+00,  2.8770e+00,
          2.9780e+00,  2.5891e+00,  4.9768e-03,  8.6633e-03],
        [-1.6106e+01, -7.1648e-02, -1.5558e+00,  5.4400e-01,  6.6500e-01,
          1.7390e+00, -2.9353e+00,  9.1736e-02,  1.2198e-01],
        [-1.5941e+01, -2.4479e+00, -1.6418e+00,  3.0900e-01,  3.3800e-01,
          7.1200e-01, -2.9288e+00, -4.9028e-03,  2.3557e-02],
        [-1.9383e+01,  2.5539e+01, -1.2686e+00,  6.2270e+00,  2.1560e+00,
          2.6010e+00, -5.1080e-01,  0.0000e+00,  0.0000e+00]])), 'bbox_3d_isvalid': array([ True,  True,  True,  True,  True,  True,  True,  True,  True,
        True]), 'gt_labels_3d': array([8, 8, 1, 0, 7, 0, 1, 7, 8, 1]), 'num_lidar_pts': array([  2,   3, 171, 150,   7, 151,   9,  10,   4,  42]), 'num_radar_pts': array([0, 0, 7, 2, 0, 3, 3, 0, 0, 6]), 'velocities': array([[-7.3726932e-03,  2.7280705e-02],
       [-2.3128262e-02,  7.3665336e-02],
       [ 5.7908062e-02,  6.9512635e-02],
       [ 5.5284901e+00,  1.1955143e+00],
       [-2.6291002e-02,  9.9449217e-02],
       [ 2.4385812e+00,  4.2128062e+00],
       [ 4.9768477e-03,  8.6633191e-03],
       [ 9.1735817e-02,  1.2197910e-01],
       [-4.9027852e-03,  2.3557227e-02],
       [ 0.0000000e+00,  0.0000000e+00]], dtype=float32), 
       'instances': [{'bbox_label': 8, 
       'bbox_3d': [-16.18434544321233, -1.1740415072842767, -1.2404669921853826, 0.291, 0.3, 0.734, -2.9353416316677072], 
       'bbox_3d_isvalid': True, 'bbox_label_3d': 8, 'num_lidar_pts': 2, 'num_radar_pts': 0, 
       'velocity': [-0.00737269311799363, 0.02728070414175163]}, 
       {'bbox_label': 8, 'bbox_3d': [-15.449391234405386, -4.287681628048007, -1.3013645235562976, 0.338, 0.315, 0.712, -2.8307265963058557], 
       'bbox_3d_isvalid': True, 'bbox_label_3d': 8, 'num_lidar_pts': 3, 'num_radar_pts': 0, 'velocity': [-0.023128261385543112, 0.07366533919228814]}, {'bbox_label': 1, 'bbox_3d': [-10.227567047441513, 19.460821128585337, 0.03743642453829787, 7.516, 2.312, 3.093, -0.6066360771858621], 'bbox_3d_isvalid': True, 'bbox_label_3d': 1, 'num_lidar_pts': 171, 'num_radar_pts': 7, 'velocity': [0.057908063153183524, 0.06951263889667077]}, {'bbox_label': 0, 'bbox_3d': [9.214420054842972, -5.579607347996587, -1.0785695000842495, 4.25, 1.638, 1.44, 0.3584960925807913], 'bbox_3d_isvalid': True, 'bbox_label_3d': 0, 'num_lidar_pts': 150, 'num_radar_pts': 2, 'velocity': [5.528490140140021, 1.1955143142730655]}, {'bbox_label': 7, 'bbox_3d': [-15.727121203083646, -0.8160909850328714, -0.6979364235915418, 0.563, 0.739, 1.711, -2.9353416316677072], 'bbox_3d_isvalid': True, 'bbox_label_3d': 7, 'num_lidar_pts': 7, 'num_radar_pts': 0, 'velocity': [-0.026291001282095387, 0.09944921455132472]}, {'bbox_label': 0, 'bbox_3d': [0.38464647051321366, -13.228449135963976, -1.2146273999498478, 4.478, 1.871, 1.456, 1.0932098945067616], 'bbox_3d_isvalid': True, 'bbox_label_3d': 0, 'num_lidar_pts': 151, 'num_radar_pts': 3, 'velocity': [2.4385812461348313, 4.212805997434871]}, {'bbox_label': 1, 'bbox_3d': [-47.52765960904388, 35.13666152323095, 0.6949573880770616, 6.372, 2.877, 2.978, 2.5891490496681118], 'bbox_3d_isvalid': True, 'bbox_label_3d': 1, 'num_lidar_pts': 9, 'num_radar_pts': 3, 'velocity': [0.004976847568704799, 0.00866331947759452]}, {'bbox_label': 7, 'bbox_3d': [-16.105654092636545, -0.07164754016067783, -0.6862827154378979, 0.544, 0.665, 1.739, -2.9353416316677072], 'bbox_3d_isvalid': True, 'bbox_label_3d': 7, 'num_lidar_pts': 10, 'num_radar_pts': 0, 'velocity': [0.0917358141037418, 0.12197910200838451]}, {'bbox_label': 8, 'bbox_3d': [-15.941148110737728, -2.4478770393147924, -1.2858001457678077, 0.309, 0.338, 0.712, -2.9287718735996946], 'bbox_3d_isvalid': True, 'bbox_label_3d': 8, 'num_lidar_pts': 4, 'num_radar_pts': 0, 'velocity': [-0.004902784980642881, 0.023557227208830012]}, {'bbox_label': 1, 'bbox_3d': [-19.382861330544426, 25.539381332178014, 0.03191908074087914, 6.227, 2.156, 2.601, -0.5108000479743618], 'bbox_3d_isvalid': True, 'bbox_label_3d': 1, 'num_lidar_pts': 42, 'num_radar_pts': 6, 'velocity': [0.0, 0.0]}]}}================